;Este documento es un cochinero.
;by CrissCy;
816,front=0,-0.13,0
815,front=0,-0.13,0
814,front=0,-0.13,0
813,front=0,-0.13,0
812,front=0,-0.13,0
811,front=0,-0.13,0
810,front=0,-0.13,0
809,front=0,-0.13,0
808,front=0,-0.13,0
807,front=0,-0.13,0
806,front=0,-0.13,0
805,front=0,-0.13,0
804,front=0,-0.13,0
803,front=0,-0.13,0
802,front=0,-0.13,0
704,front=0,-0.05,0
705,front=0,-0.05,0
706,front=0,-0.05,0
703,front=0,-0.20,0
702,front=0,-0.20,0
701,front=0,-0.20,0
700,front=0,-0.13,0
699,front=0,-0.13,0
698,front=0,-0.13,0
697,front=0,-0.13,0
696,front=0,-0.13,0
690,front=0,-0.13,0
;689,front=0,-0.13,0
;688,front=0,-0.13,0
;687,front=0,-0.13,0
;686,front=0,-0.13,0
;685,front=0,-0.13,0
684,front=0,-0.13,0
683,front=0,-0.13,0
682,front=0,-0.13,0
649,front=0,-0.13,0
648,front=0,-0.13,0
647,front=0,-0.13,0
646,front=0,-0.13,0
645,front=0,-0.13,0
644,front=0,-0.13,0
643,front=0,-0.13,0
642,front=0,-0.13,0
641,front=0,-0.13,0
640,front=0,-0.13,0
639,front=0,-0.13,0
638,front=0,-0.13,0
637,front=0,-0.13,0
636,front=0,-0.13,0
;635,front=0,-0.13,0
634,front=0,-0.13,0
633,front=0,-0.13,0
632,front=0,-0.13,0
631,front=0,-0.13,0
;630,front=0,-0.13,0
629,front=0,-0.13,0
;628,front=0,-0.13,0
627,front=0,-0.13,0
626,front=0,-0.13,0
;625,front=0,-0.13,0
624,front=0,-0.13,0
;623,front=0,-0.13,0
622,front=0,-0.13,0
;621,front=0,-0.13,0
620,front=0,-0.13,0
619,front=0,-0.13,0
618,front=0,-0.1,0
617,front=0,-0.13,0
616,front=0,-0.05,0
615,front=0,-0.13,0
614,front=0,-0.13,0
613,front=0,-0.13,0
612,front=0,0.03,0
611,front=0,-0.13,0
610,front=0,-0.13,0
;609,front=0,-0.13,0
;608,front=0,-0.13,0
607,front=0,-0.13,0
;606,front=0,-0.13,0
605,front=0,-0.13,0
604,front=0,-0.13,0
603,front=0,-0.13,0
602,front=0,-0.13,0
601,front=0,-0.13,0
600,front=0,-0.13,0
599,front=0,-0.13,0
598,front=0,-0.13,0
;597,front=0,-0.13,0
592,front=0,-0.13,0
591,front=0,-0.13,0
590,front=0,-0.03,0
;589,front=0,-0.13,0
588,front=0,-0.13,0
;587,front=0,-0.13,0
;586,front=0,-0.13,0
585,front=0,-0.13,0
584,front=0,-0.13,0
583,front=0,-0.13,0
582,front=0,-0.13,0
580,front=0,-0.13,0
579,front=0,-0.13,0
578,front=0,-0.13,0
577,front=0,-0.13,0
576,front=0,-0.13,0
575,front=0,-0.13,0
574,front=0,-0.13,0
573,front=0,-0.13,0
572,front=0,-0.13,0
571,front=0,-0.05,0
570,front=0,-0.13,0
569,front=0,-0.13,0
568,front=0,-0.13,0
566,front=0,-0.13,0
565,front=0,-0.13,0
564,front=0,-0.13,0
563,front=0,-0.13,0
562,front=0,-0.13,0
560,front=0,-0.13,0
559,front=0,-0.13,0
558,front=0,-0.13,0
557,front=0,-0.13,0
556,front=0,-0.13,0
555,front=0,-0.13,0
554,front=0,-0.13,0
;553,front=0,-0.13,0
552,front=0,-0.13,0
551,front=0,-0.13,0
550,front=0,-0.13,0
549,front=0,-0.13,0
548,front=0,-0.13,0
547,front=0,-0.13,0
546,front=0,-0.13,0
545,front=0,-0.13,0
544,front=0,-0.13,0
543,front=0,-0.13,0
;542,front=0,-0.13,0
541,front=0,-0.13,0
540,front=0,-0.13,0
539,front=0,-0.13,0
538,front=0,-0.13,0
537,front=0,-0.13,0
536,front=0,-0.13,0
535,front=0,-0.13,0
534,front=0,-0.13,0
533,front=0,-0.13,0
532,front=0,-0.13,0
531,front=0,-0.13,0
530,front=0,-0.13,0
529,front=0,-0.13,0
;528,front=0,-0.13,0
;527,front=0,-0.13,0
526,front=0,-0.13,0
525,front=0,-0.13,0
524,front=0,-0.13,0
523,front=0,-0.13,0
522,front=0,-0.13,0
;521,front=0,-0.13,0
;520,front=0,-0.13,0
519,front=0,-0.13,0
518,front=0,0.01,0
517,front=0,-0.13,0
516,front=0,-0.13,0
515,front=0,-0.13,0
514,front=0,-0.13,0
513,front=0,-0.13,0
512,front=0,-0.13,0
511,front=0,-0.13,0
;510,front=0,-0.13,0
509,front=0,-0.13,0
508,front=0,-0.13,0
507,front=0,-0.13,0
506,front=0,-0.13,0
505,front=0,-0.13,0
504,front=0,-0.13,0
503,front=0,-0.04,0
502,front=0,-0.13,0
501,front=0,-0.13,0
500,front=0,-0.13,0
499,front=0,-0.13,0
498,front=0,-0.13,0
;497,front=0,-0.13,0
496,front=0,-0.13,0
495,front=0,-0.13,0
494,front=0,-0.13,0
493,front=0,-0.13,0
492,front=0,-0.13,0
491,front=0,-0.13,0
490,front=0,-0.13,0
489,front=0,-0.13,0
;488,front=0,-0.13,0
;487,front=0,-0.13,0
486,front=0,-0.13,0
485,front=0,-0.13,0
484,front=0,-0.13,0
483,front=0,-0.13,0
482,front=0,-0.13,0
481,front=0,-0.13,0
480,front=0,-0.13,0
;478,front=0,-0.13,0
;477,front=0,-0.13,0
476,front=0,-0.13,0
475,front=0,-0.05,0
474,front=0,-0.13,0
473,front=0,-0.13,0
;472,front=0,-0.13,0
471,front=0,-0.13,0
470,front=0,-0.13,0
;469,front=0,-0.13,0
;468,front=0,-0.13,0
467,front=0,-0.13,0
466,front=0,-0.13,0
465,front=0,-0.13,0
464,front=0,-0.13,0
463,front=0,-0.13,0
462,front=0,-0.13,0
461,front=0,-0.13,0
460,front=0,-0.13,0
459,front=0,-0.13,0
;458,front=0,-0.13,0
457,front=0,-0.13,0
456,front=0,-0.13,0
455,front=0,-0.13,0
454,front=0,-0.13,0
453,front=0,-0.13,0
452,front=0,-0.13,0
451,front=0,-0.13,0
450,front=0,-0.13,0
449,front=0,-0.15,0
448,front=0,-0.06,0
447,front=0,-0.13,0
446,front=0,-0.13,0
;445,front=0,-0.13,0
444,front=0,-0.13,0
443,front=0,-0.13,0
442,front=0,-0.13,0
441,front=0,-0.13,0
440,front=0,-0.13,0
439,front=0,-0.13,0
438,front=0,-0.13,0
;437,front=0,-0.13,0
;436,front=0,-0.13,0
435,front=0,-0.13,0
434,front=0,-0.13,0
433,front=0,-0.13,0
432,front=0,-0.13,0
431,front=0,-0.13,0
430,front=0,0.04,0
;429,front=0,-0.13,0
428,front=0,-0.13,0
427,front=0,-0.13,0
;426,front=0,-0.13,0
;425,front=0,-0.13,0
424,front=0,-0.13,0
422,front=0,-0.13,0
421,front=0,-0.13,0
420,front=0,-0.13,0
419,front=0,-0.13,0
418,front=0,-0.13,0
417,front=0,-0.13,0
;416,front=0,-0.13,0
;415,front=0,-0.13,0
;414,front=0,-0.13,0
;413,front=0,-0.13,0
;412,front=0,-0.13,0
411,front=0,-0.13,0
410,front=0,-0.13,0
409,front=0,-0.13,0
408,front=0,-0.13,0
407,front=0,-0.13,0
406,front=0,-0.18,0
405,front=0,-0.13,0
404,front=0,-0.13,0
403,front=0,-0.13,0
402,front=0,-0.13,0
401,front=0,-0.13,0
400,front=0,-0.16,0
399,front=0,-0.13,0
396,front=0,-0.13,0
;395,front=0,-0.13,0
394,front=0,-0.13,0
393,front=0,-0.15,0
392,front=0,-0.13,0
391,front=0,-0.13,0
390,front=0,-0.13,0
;389,front=0,-0.13,0
388,front=0,-0.13,0
387,front=0,-0.13,0
386,front=0,-0.13,0
385,front=0,-0.13,0
383,front=0,-0.13,0
382,front=0,-0.13,0
;381,front=0,-0.13,0
;380,front=0,-0.13,0
379,front=0,-0.13,0
378,front=0,-0.13,0
377,front=0,-0.13,0
376,front=0,-0.13,0
375,front=0,-0.13,0
374,front=0,-0.13,0
;373,front=0,-0.13,0
372,front=0,-0.13,0
371,front=0,-0.13,0
370,front=0,-0.13,0
369,front=0,-0.13,0
368,front=0,-0.13,0
367,front=0,-0.13,0
366,front=0,-0.13,0
365,front=0,-0.13,0
364,front=0,-0.13,0
363,front=0,-0.13,0
362,front=0,-0.13,0
361,front=0,-0.13,0
360,front=0,-0.13,0
359,front=0,-0.13,0
;358,front=0,-0.13,0
;357,front=0,-0.13,0
356,front=0,-0.13,0
;355,front=0,-0.13,0
354,front=0,-0.13,0
353,front=0,-0.13,0
352,front=0,-0.13,0
351,front=0,-0.13,0
;350,front=0,-0.13,0
349,front=0,-0.13,0
348,front=0,-0.13,0
347,front=0,-0.13,0
;346,front=0,-0.05,0
345,front=0,-0.13,0
;344,front=0,-0.13,0
343,front=0,-0.13,0
342,front=0,-0.13,0
341,front=0,-0.13,0
340,front=0,-0.13,0
339,front=0,-0.13,0
338,front=0,-0.13,0
337,front=0,-0.13,0
336,front=0,-0.13,0
335,front=0,-0.13,0
;334,front=0,-0.13,0
;333,front=0,-0.13,0
332,front=0,-0.13,0
331,front=0,-0.13,0
;330,front=0,-0.13,0
;329,front=0,-0.13,0
328,front=0,-0.13,0
327,front=0,-0.13,0
326,front=0,-0.13,0
325,front=0,-0.13,0
324,front=0,-0.13,0
323,front=0,-0.13,0
322,front=0,-0.13,0
321,front=0,-0.13,0
320,front=0,-0.13,0
319,front=0,-0.13,0
318,front=0,-0.13,0
317,front=0,-0.13,0
316,front=0,-0.13,0
315,front=0,-0.13,0
314,front=0,-0.13,0
313,front=0,-0.13,0
312,front=0,-0.13,0
311,front=0,-0.13,0
310,front=0,-0.13,0
309,front=0,-0.13,0
308,front=0,-0.13,0
307,front=0,-0.13,0
306,front=0,-0.13,0
305,front=0,-0.13,0
304,front=0,-0.13,0
303,front=0,-0.13,0
302,front=0,-0.13,0
301,front=0,-0.13,0
300,front=0,-0.13,0
299,front=0,-0.13,0
298,front=0,-0.13,0
297,front=0,-0.13,0
296,front=0,-0.13,0
295,front=0,-0.13,0
294,front=0,-0.13,0
293,front=0,-0.13,0
;292,front=0,-0.13,0
;291,front=0,-0.13,0
290,front=0,-0.13,0
289,front=0,-0.13,0
288,front=0,-0.13,0
287,front=0,-0.27,0
286,front=0,-0.13,0
285,front=0,-0.13,0
;284,front=0,-0.13,0
283,front=0,-0.17,0
282,front=0,-0.13,0
281,front=0,-0.13,0
280,front=0,-0.13,0
;279,front=0,-0.13,0
;278,front=0,-0.13,0
;277,front=0,-0.13,0
;276,front=0,-0.13,0
275,front=0,-0.13,0
274,front=0,-0.13,0
273,front=0,-0.13,0
272,front=0,-0.13,0
271,front=0,-0.15,0
270,front=0,-0.13,0
;269,front=0,-0.13,0
268,front=0,-0.24,0
;267,front=0,-0.13,0
266,front=0,-0.24,0
265,front=0,-0.13,0
264,front=0,-0.13,0
263,front=0,-0.13,0
262,front=0,-0.13,0
261,front=0,-0.13,0
260,front=0,-0.13,0
259,front=0,-0.13,0
258,front=0,-0.13,0
257,front=0,-0.05,0
256,front=0,-0.13,0
255,front=0,-0.13,0
254,front=0,-0.13,0
253,front=0,-0.13,0
252,front=0,-0.13,0
251,front=0,-0.13,0

;248,front=0,-0.13,0
247,front=0,-0.13,0
246,front=0,-0.13,0
245,front=0,-0.13,0
244,front=0,-0.13,0
243,front=0,-0.13,0
242,front=0,-0.13,0
241,front=0,-0.13,0
240,front=0,-0.13,0
239,front=0,-0.13,0
238,front=0,-0.13,0
237,front=0,-0.13,0
236,front=0,-0.13,0
235,front=0,-0.13,0
234,front=0,-0.13,0
233,front=0,-0.13,0
232,front=0,-0.13,0
231,front=0,-0.13,0
;230,front=0,-0.13,0
229,front=0,-0.13,0
228,front=0,-0.13,0
;227,front=0,-0.13,0
;226,front=0,-0.13,0
225,front=0,-0.13,0
224,front=0,-0.13,0
223,front=0,-0.13,0
222,front=0,-0.13,0
221,front=0,-0.13,0
220,front=0,-0.13,0
219,front=0,-0.13,0
218,front=0,-0.13,0
217,front=0,-0.13,0
216,front=0,-0.13,0
215,front=0,-0.13,0
214,front=0,-0.13,0
;213,front=0,-0.13,0
212,front=0,-0.13,0
211,front=0,-0.13,0
210,front=0,-0.13,0
209,front=0,-0.06,0
;208,front=0,-0.13,0
;207,front=0,-0.13,0
206,front=0,-0.13,0
205,front=0,-0.13,0
204,front=0,-0.13,0
203,front=0,-0.13,0
202,front=0,-0.13,0
201,front=0,-0.13,0
;200,front=0,-0.13,0
199,front=0,-0.13,0
198,front=0,-0.13,0
197,front=0,-0.13,0
196,front=0,-0.13,0
195,front=0,-0.13,0
194,front=0,-0.13,0
;193,front=0,-0.13,0
192,front=0,-0.13,0
191,front=0,-0.13,0
190,front=0,-0.13,0
;189,front=0,-0.13,0
;188,front=0,-0.13,0
;187,front=0,-0.13,0
186,front=0,-0.13,0
185,front=0,-0.13,0
184,front=0,-0.13,0
183,front=0,-0.13,0
182,front=0,-0.13,0
181,front=0,-0.13,0
180,front=0,-0.13,0
179,front=0,-0.13,0
;178,front=0,-0.13,0
177,front=0,-0.13,0
;176,front=0,-0.13,0
175,front=0,-0.13,0
174,front=0,-0.13,0
173,front=0,-0.13,0
172,front=0,-0.13,0
171,front=0,-0.13,0
170,front=0,-0.13,0
;169,front=0,-0.13,0
168,front=0,-0.13,0
167,front=0,-0.13,0
;166,front=0,-0.13,0
;165,front=0,-0.13,0
;164,front=0,-0.13,0
163,front=0,-0.13,0
162,front=0,-0.13,0
161,front=0,-0.13,0
160,front=0,-0.06,0
159,front=0,-0.13,0
158,front=0,-0.13,0
156,front=0,-0.13,0
155,front=0,-0.13,0
154,front=0,-0.13,0
153,front=0,-0.13,0
152,front=0,-0.13,0
151,front=0,-0.13,0
150,front=0,-0.13,0
;149,front=0,-0.13,0
148,front=0,-0.13,0
147,front=0,-0.13,0
;145,front=0,-0.13,0
;144,front=0,-0.13,0
143,front=0,-0.13,0
142,front=0,0.05,0
141,front=0,-0.13,0
140,front=0,-0.13,0
139,front=0,-0.13,0
138,front=0,-0.13,0
137,front=0,-0.13,0
136,front=0,-0.13,0
135,front=0,-0.13,0
134,front=0,-0.13,0
133,front=0,-0.13,0
132,front=0,-0.13,0
131,front=0,-0.13,0
;130,front=0,-0.13,0
129,front=0,-0.13,0
128,front=0,-0.05,0
127,front=0,-0.13,0
126,front=0,-0.13,0
125,front=0,-0.13,0
124,front=0,-0.13,0
;123,front=0,-0.13,0
122,front=0,-0.13,0
121,front=0,-0.13,0
120,front=0,-0.13,0
;119,front=0,-0.13,0
;118,front=0,-0.13,0
117,front=0,-0.13,0
116,front=0,-0.13,0
115,front=0,-0.13,0
114,front=0,-0.13,0
113,front=0,-0.13,0
112,front=0,-0.13,0
111,front=0,-0.13,0
;110,front=0,-0.13,0
;109,front=0,-0.13,0
108,front=0,-0.13,0
107,front=0,-0.13,0
106,front=0,-0.13,0
105,front=0,-0.13,0
104,front=0,-0.13,0
;103,front=0,-0.13,0
102,front=0,-0.13,0
101,front=0,-0.13,0
100,front=0,-0.13,0
99,front=0,-0.13,0
;98,front=0,-0.02,0
97,front=0,-0.13,0
96,front=0,-0.13,0
;95,front=0,-0.12,0
94,front=0,-0.13,0
;93,front=0,-0.13,0
;92,front=0,-0.13,0
;91,front=0,-0.13,0
90,front=0,-0.13,0
89,front=0,-0.13,0
88,front=0,-0.13,0
87,front=0,-0.13,0
86,front=0,-0.13,0
85,front=0,-0.13,0
84,front=0,-0.13,0
83,front=0,-0.13,0
;82,front=0,-0.13,0
81,front=0,-0.13,0
80,front=0,-0.13,0
79,front=0,-0.13,0
78,front=0,-0.13,0
77,front=0,-0.13,0
76,front=0,-0.13,0
75,front=0,-0.13,0
74,front=0,-0.13,0
73,front=0,-0.13,0
72,front=0,-0.13,0
71,front=0,-0.13,0
70,front=0,-0.13,0
69,front=0,-0.13,0
68,front=0,-0.13,0
67,front=0,-0.13,0
66,front=0,-0.13,0
65,front=0,-0.13,0
64,front=0,-0.13,0
63,front=0,-0.13,0
62,front=0,-0.13,0
61,front=0,-0.13,0
60,front=0,-0.13,0
59,front=0,-0.13,0
58,front=0,-0.13,0
57,front=0,-0.13,0
56,front=0,-0.13,0
55,front=0,-0.13,0
54,front=0,-0.13,0
53,front=0,-0.05,0
52,front=0,-0.13,0
51,front=0,-0.13,0
50,front=0,-0.13,0
;49,front=0,-0.13,0
48,front=0,-0.13,0
47,front=0,-0.13,0
46,front=0,-0.13,0
45,front=0,-0.13,0
44,front=0,-0.13,0
43,front=0,-0.13,0
;42,front=0,-0.13,0
;41,front=0,-0.13,0
40,front=0,-0.13,0
39,front=0,-0.13,0
38,front=0,-0.13,0
37,front=0,-0.13,0
36,front=0,-0.13,0
35,front=0,-0.05,0
34,front=0,-0.13,0
33,front=0,-0.13,0
32,front=0,-0.13,0
31,front=0,-0.13,0
30,front=0,-0.13,0
29,front=0,-0.13,0
28,front=0,-0.13,0
27,front=0,-0.13,0
26,front=0,-0.13,0
25,front=0,-0.15,0
24,front=0,-0.13,0
23,front=0,-0.13,0
;22,front=0,-0.13,0
21,front=0,-0.13,0
20,front=0,-0.13,0
19,front=0,-0.13,0
;18,front=0,-0.13,0
;17,front=0,-0.13,0
16,front=0,-0.13,0
15,front=0,-0.13,0
14,front=0,-0.13,0
13,front=0,-0.13,0
11,front=0,-0.13,0
10,front=0,-0.13,0
9,front=0,-0.13,0
8,front=0,-0.13,0
7,front=0,-0.13,0
6,front=0,-0.13,0
5,front=0,-0.13,0
4,front=0,-0.13,0
3,front=0,-0.13,0
2,front=0,-0.13,0
1,front=0,-0.13,0
;0,front=0,-0.13,0

;Back 

816,back=0,-0.07,0
815,back=0,-0.07,0
814,back=0,-0.07,0
813,back=0,-0.07,0
812,back=0,-0.07,0
811,back=0,-0.07,0
810,back=0,-0.07,0
809,back=0,-0.07,0
808,back=0,-0.07,0
807,back=0,-0.07,0
806,back=0,-0.07,0
805,back=0,-0.07,0
804,back=0,-0.07,0
803,back=0,-0.07,0
802,back=0,-0.07,0
801,back=0,-0.07,0
800,back=0,-0.07,0
706,back=0,-0.07,0
705,back=0,-0.07,0
704,back=0,-0.07,0
703,back=0,-0.07,0
702,back=0,-0.07,0
701,back=0,-0.07,0
700,back=0,-0.07,0
699,back=0,-0.07,0
698,back=0,-0.07,0
697,back=0,-0.07,0
696,back=0,-0.07,0
691,back=0,-0.15,0
690,back=0,-0.07,0
;689,back=0,-0.07,0
;688,back=0,-0.07,0
;687,back=0,-0.07,0
;686,back=0,-0.07,0
;685,back=0,-0.07,0
684,back=0,-0.07,0
683,back=0,-0.07,0
682,back=0,-0.07,0
649,back=0,-0.07,0
648,back=0,-0.07,0
647,back=0,-0.07,0
646,back=0,-0.07,0
645,back=0,-0.07,0
644,back=0,-0.07,0
643,back=0,-0.07,0
642,back=0,-0.07,0
641,back=0,-0.07,0
640,back=0,-0.07,0
639,back=0,-0.07,0
638,back=0,-0.07,0
637,back=0,-0.07,0
636,back=0,-0.07,0
;635,back=0,-0.07,0
634,back=0,-0.07,0
633,back=0,-0.07,0
632,back=0,-0.07,0
631,back=0,-0.07,0
;630,back=0,-0.07,0
629,back=0,-0.07,0
;628,back=0,-0.07,0
627,back=0,-0.07,0
626,back=0,-0.07,0
625,back=0,-0.07,0
624,back=0,-0.07,0
623,back=0,-0.07,0
622,back=0,-0.07,0
621,back=0,-0.07,0
620,back=0,-0.07,0
619,back=0,-0.07,0
618,back=0,-0.07,0
617,back=0,-0.07,0
616,back=0,-0.07,0
615,back=0,-0.07,0
614,back=0,-0.07,0
613,back=0,-0.07,0
;612,back=0,-0.07,0
611,back=0,-0.07,0
610,back=0,-0.07,0
609,back=0,-0.07,0
608,back=0,-0.07,0
607,back=0,-0.07,0
606,back=0,-0.07,0
605,back=0,-0.07,0
604,back=0,-0.07,0
603,back=0,-0.07,0
602,back=0,-0.07,0
601,back=0,-0.07,0
600,back=0,-0.07,0
599,back=0,-0.07,0
598,back=0,-0.07,0
597,back=0,-0.07,0
596,back=0,-0.07,0
592,back=0,-0.07,0
591,back=0,-0.07,0
590,back=0,-0.07,0
589,back=0,-0.07,0
588,back=0,-0.07,0
;587,back=0,-0.07,0
586,back=0,-0.07,0
585,back=0,-0.07,0
584,back=0,-0.07,0
583,back=0,-0.07,0
582,back=0,-0.07,0
580,back=0,-0.07,0
579,back=0,-0.07,0
578,back=0,-0.07,0
577,back=0,-0.07,0
576,back=0,-0.07,0
575,back=0,-0.07,0
574,back=0,-0.07,0
573,back=0,-0.07,0
572,back=0,-0.07,0
571,back=0,-0.07,0
570,back=0,-0.07,0
569,back=0,-0.07,0
568,back=0,-0.07,0
566,back=0,-0.07,0
565,back=0,-0.07,0
564,back=0,-0.13,0
563,back=0,-0.07,0
562,back=0,-0.07,0
560,back=0,-0.07,0
559,back=0,-0.07,0
558,back=0,-0.07,0
557,back=0,-0.07,0
556,back=0,-0.07,0
555,back=0,-0.07,0
554,back=0,-0.07,0
553,back=0,-0.07,0
552,back=0,-0.07,0
551,back=0,-0.07,0
550,back=0,-0.07,0
549,back=0,-0.07,0
548,back=0,-0.07,0
547,back=0,-0.07,0
546,back=0,-0.07,0
545,back=0,-0.07,0
544,back=0,-0.07,0
543,back=0,-0.07,0
542,back=0,-0.07,0
541,back=0,-0.07,0
540,back=0,-0.07,0
539,back=0,-0.07,0
538,back=0,-0.07,0
537,back=0,-0.07,0
536,back=0,-0.07,0
535,back=0,-0.07,0
534,back=0,-0.07,0
533,back=0,-0.07,0
532,back=0,-0.07,0
531,back=0,-0.07,0
530,back=0,-0.07,0
529,back=0,-0.07,0
528,back=0,-0.07,0
527,back=0,-0.07,0
526,back=0,-0.07,0
525,back=0,-0.07,0
524,back=0,-0.07,0
523,back=0,-0.07,0
522,back=0,-0.07,0
;521,back=0,-0.07,0
;520,back=0,-0.07,0
519,back=0,-0.07,0
518,back=0,-0.07,0
517,back=0,-0.07,0
516,back=0,-0.07,0
515,back=0,-0.07,0
514,back=0,-0.07,0
513,back=0,-0.07,0
512,back=0,-0.07,0
511,back=0,-0.07,0
510,back=0,-0.07,0
509,back=0,-0.07,0
508,back=0,-0.07,0
507,back=0,-0.07,0
506,back=0,-0.07,0
505,back=0,-0.07,0
504,back=0,-0.07,0
503,back=0,-0.07,0
502,back=0,-0.07,0
501,back=0,-0.07,0
500,back=0,-0.07,0
499,back=0.2,-0.13,-0.3
498,back=0.2,-0.15,-0.3
497,back=0,-0.07,0
496,back=0,-0.07,0
495,back=0,-0.07,0
494,back=0,-0.07,0
493,back=0,-0.07,0
492,back=0,-0.07,0
491,back=0,-0.07,0
490,back=0,-0.07,0
489,back=0,-0.07,0
;488,back=0,-0.07,0
;487,back=0,-0.07,0
486,back=0,-0.07,0
485,back=0,-0.07,0
484,back=0,-0.07,0
483,back=0,-0.07,0
482,back=0,-0.07,0
481,back=0,-0.07,0
480,back=0,-0.07,0
;478,back=0,-0.07,0
;477,back=0,-0.07,0
476,back=0,-0.07,0
475,back=0,-0.07,0
474,back=0,-0.07,0
473,back=0,-0.07,0
;472,back=0,-0.07,0
471,back=0,-0.07,0
470,back=0,-0.07,0
;469,back=0,-0.07,0
;468,back=0,-0.07,0
467,back=0,-0.07,0
466,back=0,-0.07,0
465,back=0,-0.07,0
464,back=0,-0.07,0
463,back=0,-0.07,0
462,back=0,-0.07,0
461,back=0,-0.07,0
460,back=0,-0.07,0
459,back=0,-0.07,0
;458,back=0,-0.07,0
457,back=0,-0.07,0
456,back=0,-0.07,0
455,back=0,-0.07,0
454,back=0,-0.07,0
453,back=0,-0.07,0
452,back=0,-0.07,0
451,back=0,-0.07,0
450,back=0,-0.07,0
449,back=0,-0.07,0
448,back=0,-0.07,0
447,back=0,-0.07,0
446,back=0,-0.07,0
;445,back=0,-0.07,0
444,back=0,-0.07,0
443,back=0,-0.07,0
442,back=0,-0.07,0
441,back=0,-0.07,0
440,back=0,-0.07,0
439,back=0,-0.07,0
438,back=0,-0.07,0
;437,back=0,-0.07,0
;436,back=0,-0.07,0
435,back=0,-0.07,0
434,back=0,-0.07,0
433,back=0,-0.07,0
432,back=0,-0.07,0
431,back=0,-0.07,0
;430,back=0,-0.07,0
;429,back=0,-0.07,0
428,back=0,-0.07,0
427,back=0,-0.07,0
;426,back=0,-0.07,0
;425,back=0,-0.07,0
424,back=0,-0.07,0
422,back=0,-0.07,0
421,back=0,-0.07,0
420,back=0,-0.07,0
419,back=0,-0.07,0
418,back=0,-0.07,0
417,back=0,-0.07,0
;416,back=0,-0.07,0
;415,back=0,-0.07,0
;414,back=0,-0.07,0
;413,back=0,-0.07,0
;412,back=0,-0.07,0
411,back=0,-0.07,0
410,back=0,-0.07,0
409,back=0,-0.07,0
408,back=0,-0.07,0
407,back=0,-0.07,0
406,back=0,-0.07,0
405,back=0,-0.07,0
404,back=0,-0.07,0
403,back=0,-0.07,0
402,back=0,-0.07,0
401,back=0,-0.07,0
400,back=0,-0.07,0
399,back=0,-0.07,0
396,back=0,-0.07,0
395,back=0,-0.07,0
394,back=0,-0.07,0
393,back=0,-0.07,0
392,back=0,-0.07,0
391,back=0,-0.07,0
390,back=0,-0.07,0
389,back=0,-0.07,0
388,back=0,-0.07,0
387,back=0,-0.07,0
386,back=0,-0.07,0
385,back=0,-0.07,0
383,back=0,-0.07,0
382,back=0,-0.07,0
;381,back=0,-0.07,0
;380,back=0,-0.07,0
379,back=0,-0.07,0
378,back=0,-0.07,0
377,back=0,-0.07,0
376,back=0.06,-0.06,0
375,back=0,-0.07,0
374,back=0,-0.07,0
;373,back=0,-0.07,0
372,back=0,-0.07,0
371,back=0,-0.07,0
370,back=0,-0.07,0
369,back=0,-0.07,0
368,back=0,-0.07,0
367,back=0,-0.07,0
366,back=0,-0.07,0
365,back=0,-0.07,0
364,back=0,-0.07,0
363,back=0,-0.07,0
362,back=0,-0.07,0
361,back=0,-0.07,0
360,back=0,-0.07,0
359,back=0,-0.07,0
;358,back=0,-0.07,0
;357,back=0,-0.07,0
356,back=0,-0.07,0
;355,back=0,-0.07,0
354,back=0,-0.07,0
353,back=0,-0.07,0
352,back=0,-0.07,0
351,back=0,-0.07,0
350,back=0,-0.07,0
349,back=0,-0.07,0
348,back=0,-0.07,0
347,back=0,-0.07,0
346,back=0,-0.07,0
345,back=0,-0.07,0
;344,back=0,-0.07,0
343,back=0,-0.07,0
342,back=0,-0.07,0
341,back=0,-0.07,0
340,back=0,-0.07,0
339,back=0,-0.07,0
338,back=0,-0.07,0
337,back=0,-0.07,0
336,back=0,-0.07,0
335,back=0,-0.07,0
;334,back=0,-0.07,0
;333,back=0,-0.07,0
332,back=0,-0.07,0
331,back=0,-0.07,0
;330,back=0,-0.07,0
;329,back=0,-0.07,0
328,back=0,-0.07,0
327,back=0,-0.07,0
326,back=0,-0.07,0
325,back=0,-0.07,0
324,back=0,-0.07,0
323,back=0,-0.07,0
322,back=0,-0.07,0
321,back=0,-0.07,0
320,back=0,-0.07,0
319,back=0,-0.07,0
318,back=0,-0.07,0
317,back=0,-0.07,0
316,back=0,-0.07,0
315,back=0,-0.07,0
314,back=0,-0.07,0
313,back=0,-0.07,0
312,back=0,-0.07,0
311,back=0,-0.07,0
310,back=0,-0.07,0
309,back=0,-0.07,0
308,back=0,-0.07,0
307,back=0,-0.07,0
306,back=0,-0.07,0
305,back=0,-0.07,0
304,back=0,-0.07,0
303,back=0,-0.07,0
302,back=0,-0.07,0
301,back=0,-0.07,0
300,back=0,-0.07,0
299,back=0,-0.07,0
298,back=0,-0.07,0
297,back=0,-0.07,0
296,back=0,-0.07,0
295,back=0,-0.07,0
294,back=0,-0.07,0
293,back=0,-0.07,0
;292,back=0,-0.07,0
;291,back=0,-0.07,0
290,back=0,-0.07,0
289,back=0,-0.07,0
288,back=0,-0.07,0
287,back=0,-0.07,0
286,back=0,-0.07,0
285,back=0,-0.07,0
;284,back=0,-0.07,0
283,back=0,-0.07,0
282,back=0,-0.07,0
281,back=0,-0.07,0
280,back=0,-0.13,0
;279,back=0,-0.07,0
;278,back=0,-0.07,0
;277,back=0,-0.07,0
;276,back=0,-0.07,0
275,back=0,-0.07,0
274,back=0,-0.07,0
273,back=0,-0.07,0
272,back=0,-0.07,0
271,back=0,-0.07,0
270,back=0,-0.07,0
;269,back=0,-0.07,0
268,back=0,-0.07,0
;267,back=0,-0.07,0
266,back=0,-0.07,0
265,back=0,-0.07,0
264,back=0,-0.07,0
263,back=0,-0.07,0
262,back=0,-0.07,0
261,back=0,-0.07,0
260,back=0,-0.07,0
259,back=0,-0.07,0
258,back=0,-0.07,0
257,back=0,-0.07,0
256,back=0,-0.07,0
255,back=0,-0.07,0
254,back=0,-0.07,0
253,back=0,-0.07,0
252,back=0,-0.07,0
251,back=0,-0.07,0
250,back=0,-0.07,0
249,back=0,-0.07,0
;248,back=0,-0.07,0
247,back=0,-0.07,0
246,back=0,-0.07,0
245,back=0,-0.07,0
244,back=0,-0.07,0
243,back=0,-0.07,0
242,back=0,-0.07,0
241,back=0,-0.07,0
240,back=0,-0.07,0
239,back=0,-0.07,0
238,back=0,-0.07,0
237,back=0,-0.07,0
236,back=0,-0.07,0
235,back=0,-0.07,0
234,back=0,-0.07,0
233,back=0,-0.07,0
232,back=0,-0.07,0
231,back=0,-0.07,0
230,back=0,-0.07,0
229,back=0,-0.07,0
228,back=0,-0.07,0
;227,back=0,-0.07,0
;226,back=0,-0.07,0
225,back=0,-0.07,0
224,back=0,-0.07,0
223,back=0,-0.07,0
222,back=0,-0.07,0
221,back=0,-0.07,0
220,back=0,-0.07,0
219,back=0,-0.07,0
218,back=0,-0.07,0
217,back=0,-0.07,0
216,back=0,-0.07,0
215,back=0,-0.07,0
214,back=0,-0.07,0
213,back=0,-0.15,0
212,back=0,-0.07,0
211,back=0,-0.07,0
210,back=0,-0.07,0
209,back=0,-0.07,0
208,back=0,-0.07,0
;207,back=0,-0.07,0
206,back=0,-0.07,0
205,back=0,-0.07,0
204,back=0,-0.07,0
203,back=0,-0.07,0
202,back=0,-0.07,0
201,back=0,-0.07,0
;200,back=0,-0.07,0
199,back=0,-0.07,0
198,back=0,-0.07,0
197,back=0,-0.07,0
196,back=0,-0.07,0
195,back=0,-0.07,0
194,back=0,-0.07,0
;193,back=0,-0.07,0
192,back=0,-0.07,0
191,back=0,-0.07,0
190,back=0,-0.07,0
;189,back=0,-0.07,0
;188,back=0,-0.07,0
;187,back=0,-0.07,0
186,back=0,-0.07,0
185,back=0,-0.07,0
184,back=0,-0.07,0
183,back=0,-0.07,0
182,back=0,-0.07,0
181,back=0,-0.07,0
180,back=0,-0.07,0
179,back=0,-0.07,0
;178,back=0,-0.07,0
177,back=0,-0.07,0
;176,back=0,-0.07,0
175,back=0,-0.07,0
174,back=0,-0.07,0
173,back=0,-0.07,0
172,back=0,-0.07,0
171,back=0,-0.07,0
170,back=0,-0.07,0
;169,back=0,-0.07,0
168,back=0,-0.07,0
167,back=0,-0.07,0
;166,back=0,-0.07,0
;165,back=0,-0.07,0
;164,back=0,-0.07,0
163,back=0,-0.07,0
162,back=0,-0.07,0
161,back=0,-0.07,0
160,back=0,-0.06,0
159,back=0,-0.07,0
158,back=0,-0.07,0
156,back=0.2,-0.20,-0.3
155,back=0.2,-0.20,-0.3
154,back=0,-0.07,0
153,back=0,-0.07,0
152,back=0,-0.07,0
151,back=0,-0.07,0
150,back=0,-0.07,0
;149,back=0,-0.07,0
148,back=0,-0.07,0
147,back=0,-0.07,0
;145,back=0,-0.07,0
;144,back=0,-0.07,0
143,back=0,-0.07,0
;142,back=0,-0.07,0
141,back=0,-0.07,0
140,back=0,-0.07,0
139,back=0,-0.07,0
138,back=0,-0.07,0
137,back=0,-0.07,0
136,back=0,-0.07,0
135,back=0,-0.07,0
134,back=0,-0.07,0
133,back=0,-0.07,0
132,back=0,-0.07,0
131,back=0,-0.07,0
;130,back=0,-0.07,0
129,back=0,-0.07,0
128,back=0,-0.07,0
127,back=0,-0.07,0
126,back=0,-0.07,0
125,back=0,-0.07,0
124,back=0,-0.07,0
;123,back=0,-0.07,0
122,back=0,-0.07,0
121,back=0,-0.07,0
120,back=0,-0.07,0
119,back=0,-0.07,0
118,back=0,-0.07,0
117,back=0,-0.07,0
116,back=0,-0.07,0
115,back=0,-0.07,0
114,back=0,-0.07,0
113,back=0,-0.07,0
112,back=0,-0.07,0
111,back=0,-0.07,0
;110,back=0,-0.07,0
;109,back=0,-0.07,0
108,back=0,-0.07,0
107,back=0,-0.07,0
106,back=0,-0.07,0
105,back=0,-0.07,0
104,back=0,-0.07,0
103,back=0,-0.07,0
102,back=0,-0.07,0
101,back=0,-0.07,0
100,back=0,-0.07,0
99,back=0,-0.07,0
98,back=0,-0.07,0
97,back=0,-0.07,0
96,back=0,-0.07,0
95,back=0,-0.07,0
94,back=0,-0.07,0
;93,back=0,-0.07,0
;92,back=0,-0.07,0
91,back=0,-0.07,0
90,back=0,-0.07,0
89,back=0,-0.07,0
88,back=0,-0.07,0
87,back=0,-0.07,0
86,back=0,-0.07,0
85,back=0,-0.07,0
84,back=0,-0.07,0
83,back=0,-0.07,0
82,back=0,-0.07,0
81,back=0,-0.07,0
80,back=0,-0.07,0
79,back=0,-0.07,0
78,back=0,-0.07,0
77,back=0,-0.07,0
76,back=0,-0.07,0
75,back=0,-0.07,0
74,back=0,-0.07,0
73,back=0,-0.07,0
72,back=0,-0.07,0
71,back=0,-0.07,0
70,back=0,-0.07,0
69,back=0,-0.07,0
68,back=0,-0.07,0
67,back=0,-0.07,0
66,back=0,-0.07,0
65,back=0,-0.07,0
64,back=0,-0.07,0
63,back=0,-0.07,0
62,back=0,-0.07,0
61,back=0,-0.07,0
60,back=0,-0.07,0
59,back=0,-0.07,0
58,back=0,-0.07,0
57,back=0,-0.07,0
56,back=0,-0.07,0
55,back=0,-0.07,0
54,back=0,-0.07,0
53,back=0,-0.07,0
52,back=0,-0.07,0
51,back=0,-0.07,0
50,back=0,-0.07,0
;49,back=0,-0.07,0
48,back=0,-0.07,0
47,back=0,-0.07,0
46,back=0,-0.07,0
45,back=0,-0.07,0
44,back=0,-0.07,0
43,back=0,-0.07,0
;42,back=0,-0.07,0
;41,back=0,-0.07,0
40,back=0,-0.07,0
39,back=0,-0.07,0
38,back=0,-0.07,0
37,back=0,-0.07,0
36,back=0,-0.07,0
35,back=0,-0.07,0
34,back=0,-0.07,0
33,back=0,-0.07,0
32,back=0,-0.07,0
31,back=0,-0.07,0
30,back=0,-0.07,0
29,back=0,-0.07,0
28,back=0,-0.07,0
27,back=0,-0.07,0
26,back=0,-0.07,0
25,back=0,-0.07,0
24,back=0,-0.07,0
23,back=0,-0.07,0
;22,back=0,-0.07,0
21,back=0,-0.07,0
20,back=0,-0.07,0
19,back=0,-0.05,0
;18,back=0,-0.07,0
;17,back=0,-0.07,0
16,back=0,-0.07,0
15,back=0,-0.07,0
14,back=0,-0.07,0
13,back=0,-0.07,0
11,back=0,-0.07,0
10,back=0,-0.07,0
9,back=0,-0.07,0
8,back=0,-0.07,0
7,back=0,-0.07,0
6,back=0,-0.07,0
5,back=0,-0.07,0
4,back=0,-0.07,0
3,back=0,-0.07,0
2,back=0,-0.07,0
1,back=0,-0.07,0
;0,back=0,-0.07,0




;Modificaciones

450,front=0,-0.20,0 
202,front=0,-0.15,0
628,front=0,0.16,0
286,front=0,-0.15,0
131,front=0,-0.15,0
141,front=0,-0.15,0
094,front=0,-0.15,0
229,front=0,-0.13,0
470,front=0,-0.15,0
442,front=0,-0.13,0
598,front=0,-0.06,0
062,front=0,-0.15,0
342,front=0,-0.15,0
196,front=0,-0.15,0
596,front=0,-0.15,0
463,front=0,-0.15,0
003,front=0,-0.15,0
076,front=0,-0.15,0
038,front=0,-0.15,0
210,front=0,-0.15,0
534,front=0,-0.0.15,0
045,front=0,-0.15,0
078,front=0,-0.05,0
136,front=0,-0.06,0
454,front=0,-0.15,0
581,front=0,0.15,0
531,front=0,-0.15,0
221,front=0,-0.15,0
134,front=0,-0.15,0
135,front=0,-0.15,0
197,front=0,-0.15,0
473,front=0,-0.15,0
214,front=0,-0.13,0
083,front=0,-0.15,0
423,front=0,-0.15,0
452,front=0,-0.15,0
095,front=0,0.05,0
057,front=0,-0.15,0
006,front=0,0.20,0
050,front=0,-0.25,0
051,front=0,-0.20,0
422,front=0,-0.15,0
554,front=0,-0.15,0
101,front=0,-0.15,0
398,front=0,0.15,0
059,front=0,-0.07,0
461,front=0,-0.15,0
232,front=0,-0.15,0
376,front=0,-0.13,0.09
036,front=0,-0.15,0
185,front=0,-0.15,0
442,front=0,-0.15,0
219,front=0,-0.15,0
555,front=0,-0.13,0
700,front=0,-0.20,0


682,front=0,-0.13,0
683,front=0,-0.13,0
684,front=0,-0.13,0
451,front=0,-0.15,0
173,front=0,-0.15,0
174,front=0,-0.15,0
289,front=0,-0.15,0
348,front=0,-0.15,0
346,front=0,-0.13,0
556,front=0,-0.15,0
;612,front=0,0.03,0
428,front=0,-0.13,0
365,front=0,-0.13,0
364,front=0,-0.13,0
097,front=0,-0.13,0
106,front=0,-0.13,0
107,front=0,-0.13,0
139,front=0,-0.15,0
146,front=0,0.06,0
530,front=0,-0.13,0
113,front=0,-0.13,0
065,front=0,-0.13,0
51,back=0,-0.13,0
567,front=0,0.10,0
595,front=0,-0.13,0
563,front=0,0.04,0
691,front=0,0.20,0
364,front=0,-0.16,0
289,front=0,-0.03,0
026,front=0,-0.05,0
576,front=0,-0.05,0
614,front=0,-0.05,0
365,front=0,-0.05,0
181,front=0,-0.05,0
249,front=0,0.20,0
250,front=0,0.20,0
564,back=0.1,-0.35,-0.2
403,front=0,-0.18,0
